(0.6158374962947701, 0.6152781992230887, 0.44598765432098764)
(0.6077723607260693, 0.5971385780491947, 0.5108024691358025)
(0.5973554136612083, 0.5824356726198284, 0.5216049382716049)
(0.5890121129892205, 0.582097629821043, 0.5169753086419753)
(0.5838420064218582, 0.5816455022834334, 0.5231481481481481)
(0.5790111630834559, 0.5856707039760587, 0.5200617283950617)
(0.57549864262022, 0.5857519480618246, 0.5123456790123457)
(0.5733190066711877, 0.5876613569641371, 0.5061728395061729)
(0.5735341499569595, 0.5873876230584251, 0.4984567901234568)
(0.5711373589051667, 0.5880032819408325, 0.5108024691358025)
(0.5716888821253212, 0.5877755665806709, 0.5216049382716049)
(0.5721217236852133, 0.5905063110001293, 0.5061728395061729)
(0.5732378531848231, 0.5874852304243379, 0.4984567901234568)
(0.5707990833187616, 0.5922913334941791, 0.5)
(0.5676543288012986, 0.5925329766799639, 0.49074074074074076)
(0.5645439668047812, 0.5981649553610219, 0.48919753086419754)
(0.5671344098224435, 0.5933559645703177, 0.5046296296296297)
(0.5653522533755149, 0.5932851070653141, 0.49382716049382713)
(0.5690941474130077, 0.5844160001954914, 0.5)
(0.5661297602358685, 0.5918906607009746, 0.5061728395061729)
(0.5644994753022348, 0.598606460256341, 0.48919753086419754)
(0.5628454017062341, 0.5986885355762493, 0.4861111111111111)
(0.5651037593682607, 0.5925092012334017, 0.4737654320987654)
(0.5672278085383036, 0.5978736502612815, 0.5)
(0.5628795792018214, 0.5993901375267241, 0.4737654320987654)
(0.5607243837207876, 0.597667084592912, 0.4660493827160494)
(0.5593045345878088, 0.5980159184539023, 0.49074074074074076)
(0.5590205299918369, 0.6046280260140329, 0.470679012345679)
(0.5587700690313052, 0.6005979812945481, 0.5046296296296297)
(0.5583346670353284, 0.6018184251669381, 0.49074074074074076)
(0.5587990533921027, 0.6075095534554602, 0.4645061728395062)
(0.5588541788760052, 0.6051845408884096, 0.49691358024691357)
(0.5587539063986912, 0.6129015031282181, 0.5061728395061729)
(0.5586852250240182, 0.6130918619441398, 0.49228395061728397)
(0.5560350746557277, 0.6105563062024705, 0.4691358024691358)
(0.555249283550888, 0.6124285303953069, 0.49074074074074076)
(0.5558947632389684, 0.6088605361450233, 0.4675925925925926)
(0.5595990329660395, 0.6057274892098374, 0.49691358024691357)
(0.5648582757160228, 0.6052518756715236, 0.4783950617283951)
(0.5631658008662603, 0.6041582159835983, 0.49382716049382713)
(0.5599467848898262, 0.6121842754015951, 0.4645061728395062)
(0.5604194038978187, 0.6026890709030407, 0.47685185185185186)
(0.5572932620522797, 0.5955956142487717, 0.4984567901234568)
(0.5586504304921756, 0.6015398989627023, 0.48919753086419754)
(0.5578149986523454, 0.603255083186575, 0.4845679012345679)
(0.5573926130610127, 0.5985854483772943, 0.48919753086419754)
(0.554990450701406, 0.6143294112227949, 0.4861111111111111)
(0.5560888752181042, 0.6094871054828903, 0.4675925925925926)
(0.5569902068825179, 0.6046694591871382, 0.49074074074074076)
(0.5547879133173215, 0.6124119114038753, 0.4984567901234568)
(0.5547636234632103, 0.6124657456199696, 0.48302469135802467)
(0.5512018706849826, 0.6129286725901895, 0.4876543209876543)
(0.5504383880604979, 0.6177255373540116, 0.4783950617283951)
(0.5501247642822163, 0.6175688258429737, 0.4722222222222222)
(0.549668580774338, 0.624500128130118, 0.48148148148148145)
(0.5494708821017255, 0.6258116804385259, 0.4876543209876543)
(0.5491593891894946, 0.6292135958318357, 0.4799382716049383)
(0.5506839765015469, 0.6329056341316045, 0.4675925925925926)
(0.550421423008365, 0.6240511305032321, 0.4845679012345679)
(0.5477670971103894, 0.5897633889575064, 0.5169753086419753)
(0.5869833363961148, 0.5830688558196948, 0.5154320987654321)
(0.5785596311412832, 0.5827401525766394, 0.5138888888888888)
(0.5730887901398444, 0.5878465122968695, 0.5246913580246914)
(0.5684112321625474, 0.591397868860283, 0.5108024691358025)
(0.5672746579493245, 0.5966124761573695, 0.5061728395061729)
(0.5645745630546283, 0.6079164566587151, 0.5046296296296297)
(0.5640100173411831, 0.6075906382390747, 0.5046296296296297)
(0.5623301881295378, 0.6056290337654912, 0.5138888888888888)
(0.5598630296286716, 0.6153127650189915, 0.4799382716049383)
(0.5603877749814782, 0.6234571730695021, 0.4861111111111111)
(0.5608899407489325, 0.6163868320944869, 0.4799382716049383)
(0.5601447855913511, 0.6214971352414584, 0.5015432098765432)
(0.5594001780915004, 0.6196769820871176, 0.4660493827160494)
(0.557938481050153, 0.6256989560975337, 0.5)
(0.5557598337050407, 0.6167631773623051, 0.4799382716049383)
(0.5590150498895234, 0.6065809258984195, 0.48148148148148145)
(0.557624271159531, 0.6190015242929444, 0.49074074074074076)
(0.5548942012171592, 0.613325205459087, 0.4845679012345679)
(0.5538020962348549, 0.613354465107859, 0.4984567901234568)
(0.5535007450849779, 0.6099286676143054, 0.49382716049382713)
(0.5540893537703381, 0.6163590569279076, 0.49228395061728397)
(0.5540997607092704, 0.6122438349289658, 0.48148148148148145)
(0.5590112049092528, 0.6181136298648737, 0.4845679012345679)
(0.5528251567194539, 0.614317850911139, 0.49382716049382713)
(0.551148995757103, 0.6197453008067829, 0.4876543209876543)
(0.552092529432748, 0.6112067263895347, 0.4737654320987654)
(0.5512180382846504, 0.6234964237398939, 0.470679012345679)
(0.5508675054516844, 0.628533883549181, 0.4799382716049383)
(0.5521908248624494, 0.6195050273320557, 0.46141975308641975)
(0.5488205189986896, 0.6274335469452688, 0.4783950617283951)
(0.5474447366050494, 0.6315255739070751, 0.4645061728395062)
(0.5464613798164553, 0.6364422832834132, 0.45987654320987653)
(0.5472417372849679, 0.6383609924189471, 0.4861111111111111)
(0.5464904422080645, 0.6380503151657773, 0.4675925925925926)
(0.5467887205141847, 0.6433568228680042, 0.45987654320987653)
(0.54889783359343, 0.6289927103085282, 0.46296296296296297)
(0.5424454668837209, 0.6412687880665432, 0.46141975308641975)
(0.5480410660146385, 0.6454498621140733, 0.48148148148148145)
(0.5485432192843448, 0.6376122486444167, 0.4567901234567901)
(0.5415143349798777, 0.6546813467816438, 0.4537037037037037)
(0.549760262331655, 0.6352143520604313, 0.45987654320987653)
(0.5481772079903592, 0.6368841540620283, 0.4722222222222222)
(0.546261631032472, 0.6513187055142573, 0.4660493827160494)
(0.5439487404079848, 0.6450841706246138, 0.45524691358024694)
(0.5448011488363307, 0.6435188575889226, 0.44907407407407407)
(0.545320434916404, 0.6464482236331628, 0.44753086419753085)
(0.5436006093858391, 0.6605742737926819, 0.44598765432098764)
(0.5404875959439944, 0.6565911361464748, 0.44135802469135804)
(0.5421266634297627, 0.6379494274977917, 0.4398148148148148)
(0.5429367487148572, 0.6624693145492563, 0.44135802469135804)
(0.5448501842316761, 0.6447123534241577, 0.4444444444444444)
(0.5417929652237123, 0.6621647524980852, 0.44135802469135804)
(0.5387721962185317, 0.6480821869163601, 0.4444444444444444)
(0.5377898230668037, 0.6504645861317346, 0.45987654320987653)
(0.5369084797879701, 0.6571572900140359, 0.4521604938271605)
(0.5396715333705308, 0.668436910773133, 0.44753086419753085)
(0.5384716175256237, 0.6573049875873106, 0.4583333333333333)
(0.5364366611165385, 0.6576569052298128, 0.44598765432098764)
(0.5330682013944913, 0.663708999293086, 0.4398148148148148)
(0.538530465415729, 0.6433387572796624, 0.4537037037037037)
(0.5384472421100063, 0.6546291360562598, 0.4521604938271605)
(0.5358632791747329, 0.6523549912934318, 0.44135802469135804)
(0.539421677749644, 0.645233511119897, 0.45524691358024694)
(0.5355174849110265, 0.6701329258718977, 0.4521604938271605)
(0.53434345975358, 0.6492527881752194, 0.4537037037037037)
(0.5367287658555533, 0.656298653372092, 0.44290123456790126)
(0.534764931086571, 0.6563581969864942, 0.4645061728395062)
(0.5320053743098372, 0.6550427841045606, 0.4537037037037037)
(0.5416950117195806, 0.6508476353583881, 0.45524691358024694)
(0.5324779489348012, 0.6563472981208268, 0.45524691358024694)
(0.5300441289781243, 0.6451841521157343, 0.4675925925925926)
(0.5339815555721201, 0.6653608229287244, 0.44753086419753085)
(0.5331576155718937, 0.6669482143342863, 0.4398148148148148)
(0.5297336322005077, 0.6675214586365554, 0.4521604938271605)
(0.5301283928014899, 0.6649745300320196, 0.4398148148148148)
(0.5287086787403271, 0.6693559500883207, 0.4521604938271605)
(0.533143046081707, 0.6587197833384076, 0.4367283950617284)
(0.533081242313949, 0.6307837877560545, 0.45524691358024694)
(0.536166242694342, 0.658655407735043, 0.4567901234567901)
(0.5345434060981197, 0.6728690112998457, 0.44753086419753085)
(0.5319009932779497, 0.6687679099447933, 0.4382716049382716)
(0.5302603098974433, 0.6610788061157052, 0.4521604938271605)
(0.5297880962651264, 0.6882853690120909, 0.4367283950617284)
(0.5323955261258668, 0.6844938179179106, 0.42746913580246915)
(0.5400394444824547, 0.6591155750470029, 0.4367283950617284)
(0.534576220377799, 0.6686774687726557, 0.4367283950617284)
(0.5336734708598865, 0.6639840733719828, 0.46141975308641975)
(0.5355323801438013, 0.6765296629250601, 0.4382716049382716)
(0.5310609050655878, 0.6796056050347326, 0.4398148148148148)
(0.5324523955263117, 0.6779917583306446, 0.44290123456790126)
(0.5300416715683476, 0.6825447224977391, 0.4444444444444444)
(0.5364008517034592, 0.661803582775188, 0.45987654320987653)
(0.5345956768079471, 0.6870735970981143, 0.45524691358024694)
(0.5345723630600078, 0.675397410425415, 0.4506172839506173)
(0.5310403584472595, 0.6721249969193229, 0.44135802469135804)
(0.5384560935599829, 0.6655631503895109, 0.44598765432098764)
(0.5285935515678057, 0.6646310579905539, 0.4521604938271605)
(0.5370515310956586, 0.6637915571760616, 0.44907407407407407)
(0.5276779253636638, 0.6700790692695681, 0.44135802469135804)
(0.5305273862936164, 0.669799260220226, 0.44907407407407407)
(0.5319163574967333, 0.6582379649496741, 0.45987654320987653)
(0.5297344671462172, 0.6707395762894992, 0.4521604938271605)
(0.5351047342823397, 0.68336471737029, 0.44753086419753085)
(0.5280474268941469, 0.6882728289720821, 0.42901234567901236)
(0.5286636573653067, 0.682452645290781, 0.4228395061728395)
(0.5276360817814386, 0.6768838505111174, 0.45524691358024694)
(0.5289804070226608, 0.6832420494763848, 0.4398148148148148)
(0.5319521332620293, 0.6782792888719726, 0.44598765432098764)
(0.5272231315092374, 0.6853936716316291, 0.44598765432098764)
(0.5324193360984967, 0.6718863906729736, 0.44135802469135804)
(0.519440496160138, 0.6917443389969843, 0.44598765432098764)
(0.5248942455296876, 0.6874517321494626, 0.44598765432098764)
(0.5255487748692113, 0.6711189136667935, 0.44598765432098764)
(0.5261435423807431, 0.6739873062807744, 0.44753086419753085)
(0.5311498265433056, 0.6776391138656088, 0.43364197530864196)
(0.530669506679299, 0.626377626253223, 0.4567901234567901)
(0.5337530100537885, 0.7028120851868557, 0.4351851851851852)
(0.526870185329068, 0.6819122809238364, 0.4506172839506173)
(0.5258087345989801, 0.6953013855791478, 0.42746913580246915)
(0.5239091028449356, 0.6762315213024892, 0.4506172839506173)
(0.5272537476272994, 0.7018749241337732, 0.43209876543209874)
(0.5278712297959994, 0.692986783232356, 0.4444444444444444)
(0.5333332135792701, 0.683539265996696, 0.44753086419753085)
(0.524916533661145, 0.6970704316885935, 0.44135802469135804)
(0.5226879866533382, 0.7088989632629594, 0.4521604938271605)
(0.5325037766528385, 0.6964334771497014, 0.4367283950617284)
(0.5245482639599872, 0.6903808246723112, 0.4444444444444444)
(0.5258881848665976, 0.6966619702331998, 0.4382716049382716)
(0.5232890676106176, 0.6953994276484957, 0.44598765432098764)
(0.5253419983451084, 0.6925827661172751, 0.4367283950617284)
(0.5272152656188576, 0.7023253974355297, 0.4444444444444444)
(0.5286867878129405, 0.7091158863249016, 0.43209876543209874)
(0.5225548013564079, 0.6949661152414334, 0.44290123456790126)
(0.5287974611405404, 0.6965736400991402, 0.41512345679012347)
(0.5242538372034667, 0.6935095379853414, 0.4398148148148148)
(0.5311345664724227, 0.7193125352596887, 0.4398148148148148)
(0.5206336327778396, 0.7004370515660188, 0.44753086419753085)
(0.5239749025273067, 0.7071558935309036, 0.44753086419753085)
(0.5184333771467209, 0.6985445391490228, 0.44290123456790126)
(0.5251011805188271, 0.7096034381078717, 0.43209876543209874)
